obj desk.obj
i -0.00509968307 0.00000000 -0.0998698547 0
i 0.00000000 0.100000001 0.00000000 0
i 0.0998698547 0.00000000 -0.00509968307 0
i -0.524951398 -0.587261200 0.0947597623 1
ma 0

obj OrangeChair.obj
i 0.00650827680 -0.000106203064 0.0997879729 0
i 0.00217173435 0.0999763981 -3.52391944e-05 0
i -0.0997643843 0.00216942211 0.00650904607 0
i -0.336355627 -0.422730654 -0.141636834 1
ma 0

obj  BlueChair.obj
i 0.00584105775 5.23052768e-05 0.0998292714 0
i 0.00360751222 0.0999345407 -0.000263437571 0
i -0.0997641236 0.00361673464 0.00583533151 0
i -0.326355627 -0.422730654 0.307525098 1
ma 0

obj computer.obj
i -0.00291337352 0.00000000 -0.0999575853 0
i 0.00000000 0.100000001 0.00000000 0
i 0.0999575853 0.00000000 -0.00291337352 0
i -0.557805657 -0.337417603 0.314173698 1
ma 0

obj computer.obj
i -0.00438378239 0.00000000 -0.0999039114 0
i 0.00000000 0.100000001 0.00000000 0
i 0.0999039114 0.00000000 -0.00438378239 0
i -0.565668404 -0.334915161 -0.135397032 1
ma 0

obj keyboard.obj
i -0.00509669445 0.00000000 -0.0998700038 0
i -0.00291195349 0.0999574810 0.000148606647 0
i 0.0998274833 0.00291574816 -0.00509452540 0
i -0.383842051 -0.333053857 0.379684240 1
ma 0

obj mousepad.obj
i -0.00508415373 -2.66266052e-05 -0.0998707041 0
i 0.00208682660 0.0999781489 -0.000132889516 0
i 0.0998489186 -0.00209088274 -0.00508249132 0
i -0.400741220 -0.336570263 0.177462026 1
ma 0

obj mouse.obj
i 0.0116016213 0.000219791109 -0.0993244499 0
i 0.00425811950 0.0999066979 0.000718450174 0
i 0.0992333516 -0.00431269966 0.0115814470 0
i -0.402877599 -0.319115043 0.179181218 1
ma 0

obj keyboard.obj
i 0.0137974052 0.00000000 -0.0990435407 0
i 0.00000000 0.100000001 0.00000000 0
i 0.0990435407 0.00000000 0.0137974052 0
i -0.395432025 -0.332458496 -0.0680824071 1
ma 0

obj mousepad.obj
i -0.0181248840 0.00000000 -0.0983436778 0
i 0.00000000 0.100000001 0.00000000 0
i 0.0983436778 0.00000000 -0.0181248840 0
i -0.413970947 -0.334075928 -0.283447266 1
ma 0

obj mouse.obj
i 0.0138074970 0.000736747519 -0.0990394577 0
i -0.00368297193 0.0999319330 0.000229925412 0
i 0.0989737585 0.00361584849 0.0138252415 0
i -0.411195755 -0.314024895 -0.278941333 1
ma 0

obj planeta.obj
i 0.100000001 0.00000000 0.00000000 0
i 0.00000000 0.100000001 0.00000000 0
i 0.00000000 0.00000000 0.100000001 0
i 0.740325928 0.904624939 0.00000000 1
ma 1

obj planeta.obj
i 0.100000001 0.00000000 0.00000000 0
i 0.00000000 0.100000001 0.00000000 0
i 0.00000000 0.00000000 0.100000001 0
i -0.740325928 0.904624939 0.00000000 1
ma 1